<<<<<<< HEAD
#Ellipse
348.0 81.0
346.0
336.0
#Ellipse
125.0 275.0
445.0
266.0
#Ellipse
233.0 256.0
362.0
175.0
#Ellipse
279.0 82.0
525.0
315.0
#Arc
685.0 554.0
122.10241602851272
-10.647801946937122
135.62771565920553
#Losange
189.5 45.0
317.0 130.0
189.5 215.0
62.0 130.0
#Triangle
525.0 129.0
562.0 213.0
439.0 209.0
#Segment
191.0 349.0
318.0 179.0
#Segment
152.0 201.0
496.0 541.0
#Segment
191.0 503.0
330.0 566.0
#Cercle
737.0 85.0
72.24956747275377
#Cercle
67.0 264.0
52.03844732503075
#Quadrangle
840.0 402.0
777.0 338.0
732.0 365.0
809.0 449.0
59.682493245507096
#Rectangle
368.0 18.0
547.0 18.0
547.0 83.0
368.0 83.0
#Rectangle
592.0 253.0
708.0 253.0
708.0 417.0
592.0 417.0
#Rectangle
539.0 499.0
706.0 499.0
706.0 566.0
539.0 566.0
#Rectangle
126.0 461.0
236.0 461.0
236.0 554.0
126.0 554.0
=======
>>>>>>> refs/remotes/origin/master
